1 1500.186200 140.530700 0
2 3427.945100 121.942400 0
3 895.763200 98.991600 0
4 2300.683600 25.330400 0
5 1924.985800 171.120400 0
6 487.270600 213.916200 0
7 3003.280300 365.089400 0
8 3836.609600 400.433800 0
9 356.443400 431.550100 0
10 1091.660400 431.867700 0
11 748.551600 492.941800 0
12 1663.521500 539.932000 0
13 3248.495600 564.652400 0
14 2529.569300 618.950100 0
15 1385.722900 685.621800 0
16 2039.369400 752.211500 0
17 225.483400 764.264200 0
18 748.420500 769.972700 0
19 3216.052200 976.609100 0
20 928.083700 982.339700 0
21 2725.784400 976.877200 0
22 176.245600 1043.104900 0
23 2300.888900 1097.563200 0
24 454.058800 1115.228900 0
25 1647.166600 1133.595000 0
26 3412.330800 1186.947400 0
27 3020.084500 1194.361000 0
28 1238.528900 1212.690900 0
29 3771.987100 1247.844700 0
30 944.328400 1253.987900 0
31 1581.738800 1435.842700 0
32 3494.235800 1435.151400 0
33 192.312000 1442.486100 0
34 2448.085700 1466.317700 0
35 2971.201700 1527.264500 0
36 878.823100 1540.017700 0
37 470.099500 1606.371600 0
38 3821.367200 1654.382400 0
39 3461.737100 1683.483800 0
40 1957.700700 1732.683200 0
41 2399.158200 1817.164100 0
42 306.455500 1854.552200 0
43 2840.590100 1896.168200 0
44 3134.907200 1908.577400 0
45 1663.432000 1962.951900 0
46 1107.528200 1980.883500 0
47 976.728900 1993.420500 0
48 731.446000 2034.694800 0
49 1205.592900 2083.440400 0
50 829.522900 2072.523400 0
51 2807.989700 2095.853500 0
52 1042.093900 2101.356700 0
53 1516.260500 2096.065700 0
54 1957.746000 2114.082500 0
55 2350.181900 2126.597400 0
56 862.212100 2157.074500 0
57 3331.265600 2149.546900 0
58 747.738200 2175.036400 0
59 1205.571800 2193.189000 0
60 960.306600 2193.126200 0
61 3887.232900 2192.266400 0
62 862.151200 2247.039300 0
63 960.261000 2272.269000 0
64 1091.090000 2265.120100 0
65 2857.130100 2308.105000 0
66 142.600000 2320.403300 0
67 1189.190600 2313.740500 0
68 698.628100 2338.728800 0
69 1810.591400 2374.963900 0
70 878.466000 2392.799100 0
71 1025.618700 2405.431400 0
72 1172.792000 2446.854000 0
73 813.030800 2441.335400 0
74 2448.367400 2482.781200 0
75 960.192100 2513.347200 0
76 3724.025900 2525.247100 0
77 387.769300 2525.670700 0
78 2889.950900 2518.609600 0
79 2203.075700 2556.595900 0
80 862.018200 2567.307600 0
81 3233.410400 2566.981200 0
82 1107.351700 2585.352500 0
83 1630.684300 2651.986800 0
84 3429.778100 2712.581300 0
85 142.299600 2725.198700 0
86 3135.400900 2773.913800 0
87 583.883300 2786.657500 0
88 861.914600 2833.545700 0
89 2939.160600 2840.624500 0
90 125.825500 2888.918000 0
91 1385.308500 2918.253900 0
92 2252.213900 2948.819600 0
93 3560.779500 2937.360600 0
94 1074.489900 2986.580100 0
95 2644.818600 2997.264400 0
96 485.607100 2997.094000 0
97 1974.162100 3004.638200 0
98 714.616800 3004.382300 0
99 3086.467500 3004.278800 0
100 158.367200 3101.215300 0
101 3282.845200 3119.296600 0
102 1336.159900 3186.323000 0
103 2939.405300 3306.584500 0
104 305.385200 3439.557900 0
105 1646.937700 3851.992400 0
106 3495.844500 3572.500700 0
107 59.938900 3464.585200 0
108 1139.659200 3796.189200 0
109 550.769200 3452.309300 0
110 3348.421600 3336.922100 0
111 2006.912100 3711.692400 0
112 1794.218900 3299.683100 0
113 2628.727300 3718.758300 0
114 1368.775800 3724.235800 0
115 3659.256300 3331.259800 0
116 75.965000 3887.374000 0
117 3741.549800 3869.166700 0
118 3266.719200 3475.515600 0
119 3397.863800 3864.038300 0
120 534.573600 3209.428500 0
121 3757.356000 3264.642300 0
122 3855.856900 3633.355200 0
123 697.928000 3670.069300 0
124 354.353600 3615.878400 0
125 2219.633300 3603.701200 0
126 2955.933800 3639.381600 0
127 2546.788100 3342.705300 0
128 1532.438600 3409.440700 0
129 1057.934100 3578.446000 0
130 2121.405000 3245.688000 0
131 1172.541600 3337.387900 0
132 796.012600 3839.200200 0
133 845.254600 3493.795900 0
